%% estimate K and b
rotPerTick = 1/(20.4 * 48);
radPerTick = rotPerTick * 2*pi;
L1 = [20590.000000, -145, 0.020879
41039.000000, -287, 0.019341
61332.000000, -428, 0.021978
81666.000000, -570, 0.021319
102002.000000, -712, 0.019341
122292.000000, -854, 0.021319
142614.000000, -995, 0.023516
162933.000000, -1137, 0.023297
183293.000000, -1279, 0.019121
203612.000000, -1421, 0.022637
223961.000000, -1563, 0.023077
244252.000000, -1704, 0.020879
264653.000000, -1847, 0.020879
284999.000000, -1989, 0.023736
305293.000000, -2131, 0.023736
325613.000000, -2272, 0.021319
345932.000000, -2414, 0.018242
366281.000000, -2556, 0.021099
386572.000000, -2698, 0.021758
406892.000000, -2840, 0.020000
427239.000000, -2982, 0.021319
447532.000000, -3124, 0.024176
467852.000000, -3265, 0.021978
488172.000000, -3407, 0.017143
508574.000000, -3550, 0.019121
528892.000000, -3692, 0.021758
549211.000000, -3834, 0.020220
569534.000000, -3976, 0.019121
589853.000000, -4118, 0.021758
610174.000000, -4260, 0.023736
630492.000000, -4401, 0.022857
650812.000000, -4543, 0.018022
671132.000000, -4685, 0.020440
691451.000000, -4827, 0.021319
711772.000000, -4969, 0.020879
732092.000000, -5111, 0.019341
752600.000000, -5254, 0.021538
772894.000000, -5396, 0.023736
793224.000000, -5538, 0.022637
813525.000000, -5680, 0.019780
833851.000000, -5822, 0.019341
854172.000000, -5964, 0.021758
874491.000000, -6106, 0.020659
894812.000000, -6249, 0.019560
915130.000000, -6391, 0.020000
935452.000000, -6533, 0.022857
955772.000000, -6675, 0.023736
976092.000000, -6817, 0.020220
996480.000000, -6959, 0.019780
1016800.000000, -7101, 0.019560
1037092.000000, -7243, 0.021978
1057439.000000, -7385, 0.021319
1077760.000000, -7528, 0.020000
1098054.000000, -7670, 0.020879
1118372.000000, -7812, 0.024176
1138690.000000, -7954, 0.024396
1159011.000000, -8096, 0.018901
1179331.000000, -8238, 0.019341
1199663.000000, -8380, 0.021319
1220004.000000, -8523, 0.022857
1240293.000000, -8665, 0.020000
1260651.000000, -8807, 0.020879
1280972.000000, -8949, 0.024176
1301292.000000, -9091, 0.023956
1321642.000000, -9233, 0.022637
1341960.000000, -9375, 0.019780
1362283.000000, -9518, 0.020000
1382600.000000, -9659, 0.022198
1402932.000000, -9802, 0.022198
1423281.000000, -9944, 0.017582
1443571.000000, -10086, 0.021319
1463892.000000, -10228, 0.022637
1484213.000000, -10370, 0.023077
1504560.000000, -10513, 0.019780
1524881.000000, -10655, 0.018462
1545239.000000, -10797, 0.021099
1565533.000000, -10939, 0.022198
1585852.000000, -11081, 0.020879
1606172.000000, -11224, 0.018022
1626491.000000, -11366, 0.020879
1646813.000000, -11508, 0.023956
1667132.000000, -11650, 0.024176
1687452.000000, -11792, 0.018901
1707772.000000, -11935, 0.018022
1728092.000000, -12077, 0.021978
1748465.000000, -12220, 0.021319
1768764.000000, -12362, 0.021319
1789052.000000, -12504, 0.020000
1809372.000000, -12646, 0.022637
1829691.000000, -12788, 0.023077
1850043.000000, -12930, 0.024176
1870374.000000, -13073, 0.021319
1890692.000000, -13215, 0.018242
1911013.000000, -13357, 0.021099
1931332.000000, -13499, 0.021538
1951652.000000, -13642, 0.020659
1971972.000000, -13784, 0.017143
1992293.000000, -13927, 0.018681
2012679.000000, -14069, 0.021758];
L2 = [22525.000000, -106, 0.020000
42976.000000, -202, 0.018462
63320.000000, -298, 0.020440
83608.000000, -393, 0.018901
103928.000000, -489, 0.021758
124248.000000, -584, 0.014945
144648.000000, -680, 0.017363
164967.000000, -775, 0.016923
185287.000000, -871, 0.016484
205605.000000, -966, 0.019121
225926.000000, -1062, 0.015604
246250.000000, -1157, 0.019780
266570.000000, -1253, 0.016923
286887.000000, -1348, 0.018901
307220.000000, -1444, 0.020000
327559.000000, -1540, 0.018901
347846.000000, -1635, 0.019121
368180.000000, -1730, 0.020440
388548.000000, -1826, 0.021538
408870.000000, -1922, 0.018462
429199.000000, -2017, 0.019121
449488.000000, -2113, 0.019121
469808.000000, -2209, 0.018901
490127.000000, -2304, 0.018681
510447.000000, -2400, 0.016484
530767.000000, -2496, 0.019780
551088.000000, -2591, 0.017802
571408.000000, -2687, 0.018462
591728.000000, -2783, 0.018022
612048.000000, -2878, 0.017802
632367.000000, -2974, 0.018681
652716.000000, -3070, 0.020220
673010.000000, -3165, 0.018681
693355.000000, -3261, 0.019121
713676.000000, -3357, 0.018242
734019.000000, -3452, 0.025275
754307.000000, -3548, 0.016923
774627.000000, -3643, 0.018901
794948.000000, -3739, 0.019121
815268.000000, -3835, 0.019121
835600.000000, -3930, 0.018022
855929.000000, -4026, 0.017802
876247.000000, -4122, 0.018242
896649.000000, -4218, 0.018462
916965.000000, -4313, 0.017143
937286.000000, -4409, 0.015165
957605.000000, -4505, 0.017363
977928.000000, -4600, 0.018681
998249.000000, -4696, 0.017143
1018570.000000, -4792, 0.017363
1038924.000000, -4888, 0.018462
1059206.000000, -4983, 0.017143
1079525.000000, -5079, 0.014725
1099844.000000, -5175, 0.019560
1120166.000000, -5270, 0.017143
1140597.000000, -5366, 0.016264
1160928.000000, -5462, 0.015824
1181248.000000, -5558, 0.018462
1201567.000000, -5653, 0.020879
1221886.000000, -5749, 0.018022
1242207.000000, -5845, 0.019341
1262528.000000, -5940, 0.018901
1282847.000000, -6036, 0.018681
1303170.000000, -6131, 0.020000
1323485.000000, -6227, 0.019560
1343819.000000, -6322, 0.020440
1364119.000000, -6418, 0.020440
1384407.000000, -6513, 0.020220
1404810.000000, -6609, 0.018242
1425127.000000, -6705, 0.018681
1445449.000000, -6800, 0.017802
1465777.000000, -6896, 0.017363
1486084.000000, -6991, 0.018462
1506409.000000, -7087, 0.015604
1526767.000000, -7183, 0.018681
1547088.000000, -7278, 0.016923
1567406.000000, -7374, 0.017143
1587739.000000, -7469, 0.016923
1608039.000000, -7564, 0.018462
1628328.000000, -7660, 0.018901
1648650.000000, -7756, 0.016923
1668970.000000, -7851, 0.018901
1689290.000000, -7947, 0.019560
1709636.000000, -8042, 0.018901
1729956.000000, -8137, 0.019560
1750248.000000, -8233, 0.022857
1770569.000000, -8328, 0.016703
1790889.000000, -8424, 0.020220
1811208.000000, -8519, 0.016923
1831528.000000, -8615, 0.018022
1851847.000000, -8710, 0.018681
1872167.000000, -8806, 0.018681
1892518.000000, -8901, 0.018462
1912810.000000, -8997, 0.017802
1933127.000000, -9092, 0.018681
1953448.000000, -9188, 0.020000
1973780.000000, -9284, 0.019341
1994079.000000, -9379, 0.020659
2014395.000000, -9475, 0.018901];
